[1,["5cxfD0Q91AXKnAYkfRv6Gw@73b7f","5cxfD0Q91AXKnAYkfRv6Gw@e39f7","a3zQCfCrBCDZJ4uf2rk5u8","5cxfD0Q91AXKnAYkfRv6Gw@b4e6b","5cxfD0Q91AXKnAYkfRv6Gw@f605f","5cxfD0Q91AXKnAYkfRv6Gw@438fe"],["_parent","node","mainTexture","_effectAsset","root","data","_mesh","_skeleton","_defaultClip"],[["cc.Node",["_name","_prefab","_parent","_children","_lrot","_euler","_lpos","_components"],2,4,1,2,5,5,5,9],["cc.Node",["_name","_children","_prefab","_lrot","_euler","_lpos"],2,12,4,5,5,5],["cc.Skeleton",["_name","_hash","_joints","_bindposes"],0,12],["cc.Material",["_name","_states","_defines","_props"],0,12],["cc.Prefab",[],3],["cc.Node",["_name","_parent","_children","_prefab","_lpos","_lrot","_euler"],2,1,9,4,5,5,5],["cc.SkeletalAnimation",["node","__prefab","_clips","_defaultClip"],3,1,4,3,6],["cc.CompPrefabInfo",["fileId"],2],["cc.PrefabInfo",["fileId","instance","targetOverrides","nestedPrefabInstanceRoots","root","asset"],-1,1,1],["cc.SkinnedMeshRenderer",["node","__prefab","_materials","bakeSettings","_skinningRoot","_mesh","_skeleton"],3,1,4,3,4,1,6,6],["cc.ModelBakeSettings",[],3],["cc.Mesh",["_native","_hash","_struct"],1,11]],[[8,0,1,2,3,4,5,5],[0,0,2,1,6,4,5,2],[0,0,2,3,1,6,4,5,2],[5,0,1,2,3,4,5,6,2],[0,0,2,1,6,2],[0,0,2,3,1,2],[0,0,2,1,4,5,2],[0,0,2,3,1,4,5,2],[7,0,2],[2,0,1,2,3,4],[3,0,1,2,3,4],[4,1],[0,0,3,7,1,2],[0,0,2,7,1,2],[1,0,1,2,5,3,4,2],[1,0,1,2,2],[1,0,1,2,3,4,2],[6,0,1,2,3,1],[9,0,1,2,3,4,5,6,1],[10,1],[11,0,1,2,3]],[[[[9,"Skin-0",1965591131,["RootNode (gltf orientation matrix)/RootNode (model correction matrix)/c2475420cd6847fe9bd9c7a79c391504.fbx/(__autogen 0)/RootNode/(__autogen 0)/_rootJoint","RootNode (gltf orientation matrix)/RootNode (model correction matrix)/c2475420cd6847fe9bd9c7a79c391504.fbx/(__autogen 0)/RootNode/(__autogen 0)/_rootJoint/bones_04","RootNode (gltf orientation matrix)/RootNode (model correction matrix)/c2475420cd6847fe9bd9c7a79c391504.fbx/(__autogen 0)/RootNode/(__autogen 0)/_rootJoint/bones_04/horse_03","RootNode (gltf orientation matrix)/RootNode (model correction matrix)/c2475420cd6847fe9bd9c7a79c391504.fbx/(__autogen 0)/RootNode/(__autogen 0)/_rootJoint/bones_04/horse_03/horse_leg_L_front_00","RootNode (gltf orientation matrix)/RootNode (model correction matrix)/c2475420cd6847fe9bd9c7a79c391504.fbx/(__autogen 0)/RootNode/(__autogen 0)/_rootJoint/bones_04/horse_03/horse_leg_L_back_01","RootNode (gltf orientation matrix)/RootNode (model correction matrix)/c2475420cd6847fe9bd9c7a79c391504.fbx/(__autogen 0)/RootNode/(__autogen 0)/_rootJoint/bones_04/horse_03/horse_neck_02","RootNode (gltf orientation matrix)/RootNode (model correction matrix)/c2475420cd6847fe9bd9c7a79c391504.fbx/(__autogen 0)/RootNode/(__autogen 0)/_rootJoint/bones_04/horse_03/horse_neck_02/horse_head_05","RootNode (gltf orientation matrix)/RootNode (model correction matrix)/c2475420cd6847fe9bd9c7a79c391504.fbx/(__autogen 0)/RootNode/(__autogen 0)/_rootJoint/bones_04/horse_03/horse_tail_06","RootNode (gltf orientation matrix)/RootNode (model correction matrix)/c2475420cd6847fe9bd9c7a79c391504.fbx/(__autogen 0)/RootNode/(__autogen 0)/_rootJoint/bones_04/horse_03/body_07","RootNode (gltf orientation matrix)/RootNode (model correction matrix)/c2475420cd6847fe9bd9c7a79c391504.fbx/(__autogen 0)/RootNode/(__autogen 0)/_rootJoint/bones_04/horse_03/body_07/chest_08","RootNode (gltf orientation matrix)/RootNode (model correction matrix)/c2475420cd6847fe9bd9c7a79c391504.fbx/(__autogen 0)/RootNode/(__autogen 0)/_rootJoint/bones_04/horse_03/body_07/chest_08/arm_L_1_09","RootNode (gltf orientation matrix)/RootNode (model correction matrix)/c2475420cd6847fe9bd9c7a79c391504.fbx/(__autogen 0)/RootNode/(__autogen 0)/_rootJoint/bones_04/horse_03/body_07/chest_08/arm_L_1_09/arm_L_2_010","RootNode (gltf orientation matrix)/RootNode (model correction matrix)/c2475420cd6847fe9bd9c7a79c391504.fbx/(__autogen 0)/RootNode/(__autogen 0)/_rootJoint/bones_04/horse_03/body_07/chest_08/arm_L_1_09/arm_L_2_010/arm_L_3_011","RootNode (gltf orientation matrix)/RootNode (model correction matrix)/c2475420cd6847fe9bd9c7a79c391504.fbx/(__autogen 0)/RootNode/(__autogen 0)/_rootJoint/bones_04/horse_03/body_07/chest_08/head_012","RootNode (gltf orientation matrix)/RootNode (model correction matrix)/c2475420cd6847fe9bd9c7a79c391504.fbx/(__autogen 0)/RootNode/(__autogen 0)/_rootJoint/bones_04/horse_03/body_07/chest_08/head_012/head_up_013","RootNode (gltf orientation matrix)/RootNode (model correction matrix)/c2475420cd6847fe9bd9c7a79c391504.fbx/(__autogen 0)/RootNode/(__autogen 0)/_rootJoint/bones_04/horse_03/body_07/chest_08/arm_R_1_014","RootNode (gltf orientation matrix)/RootNode (model correction matrix)/c2475420cd6847fe9bd9c7a79c391504.fbx/(__autogen 0)/RootNode/(__autogen 0)/_rootJoint/bones_04/horse_03/body_07/chest_08/arm_R_1_014/arm_R_2_015","RootNode (gltf orientation matrix)/RootNode (model correction matrix)/c2475420cd6847fe9bd9c7a79c391504.fbx/(__autogen 0)/RootNode/(__autogen 0)/_rootJoint/bones_04/horse_03/body_07/chest_08/arm_R_1_014/arm_R_2_015/arm_R_3_016","RootNode (gltf orientation matrix)/RootNode (model correction matrix)/c2475420cd6847fe9bd9c7a79c391504.fbx/(__autogen 0)/RootNode/(__autogen 0)/_rootJoint/bones_04/horse_03/body_07/leg_L_1_017","RootNode (gltf orientation matrix)/RootNode (model correction matrix)/c2475420cd6847fe9bd9c7a79c391504.fbx/(__autogen 0)/RootNode/(__autogen 0)/_rootJoint/bones_04/horse_03/body_07/leg_L_1_017/leg_L_2_018","RootNode (gltf orientation matrix)/RootNode (model correction matrix)/c2475420cd6847fe9bd9c7a79c391504.fbx/(__autogen 0)/RootNode/(__autogen 0)/_rootJoint/bones_04/horse_03/body_07/leg_L_1_017/leg_L_2_018/leg_L_3_019","RootNode (gltf orientation matrix)/RootNode (model correction matrix)/c2475420cd6847fe9bd9c7a79c391504.fbx/(__autogen 0)/RootNode/(__autogen 0)/_rootJoint/bones_04/horse_03/body_07/leg_R_1_020","RootNode (gltf orientation matrix)/RootNode (model correction matrix)/c2475420cd6847fe9bd9c7a79c391504.fbx/(__autogen 0)/RootNode/(__autogen 0)/_rootJoint/bones_04/horse_03/body_07/leg_R_1_020/leg_R_2_021","RootNode (gltf orientation matrix)/RootNode (model correction matrix)/c2475420cd6847fe9bd9c7a79c391504.fbx/(__autogen 0)/RootNode/(__autogen 0)/_rootJoint/bones_04/horse_03/body_07/leg_R_1_020/leg_R_2_021/leg_R_3_022","RootNode (gltf orientation matrix)/RootNode (model correction matrix)/c2475420cd6847fe9bd9c7a79c391504.fbx/(__autogen 0)/RootNode/(__autogen 0)/_rootJoint/bones_04/horse_03/horse_leg_R_front_023","RootNode (gltf orientation matrix)/RootNode (model correction matrix)/c2475420cd6847fe9bd9c7a79c391504.fbx/(__autogen 0)/RootNode/(__autogen 0)/_rootJoint/bones_04/horse_03/horse_leg_R_back_024","RootNode (gltf orientation matrix)/RootNode (model correction matrix)/c2475420cd6847fe9bd9c7a79c391504.fbx/(__autogen 0)/RootNode/(__autogen 0)/_rootJoint/bones_04/joint1_025"],[[[7,1,0,0,0,0,1,0,0,0,0,1,0,0,0,0,1],[7,1,0,0,0,0,1,0,0,0,0,1,0,0,0,0,1],[7,6.123234262925839e-17,1,-6.123234262925839e-17,0,0,6.123234262925839e-17,1,0,1,-6.123234262925839e-17,3.7493993930529855e-33,0,-16.73861312866211,-8.51220847552115e-15,-95.05490112304688,1],[7,-0.1379171460866928,0.9464163780212402,-0.29201871156692505,0,0.38765203952789307,0.3228955566883087,0.863402783870697,0,0.9114300608634949,0.005876398645341396,-0.4114130735397339,0,-70.37579345703125,-31.773096084594727,-14.951717376708984,1],[7,0.08341503143310547,0.9480016231536865,-0.30713987350463867,0,-0.39221346378326416,0.3145701289176941,0.8644155263900757,0,0.916084349155426,0.04835914447903633,0.3980588912963867,0,49.35762023925781,-28.742145538330078,-22.33606719970703,1],[7,2.878895581127916e-16,1,1.014140239300059e-16,0,0.3957972824573517,-2.0707824743109707e-16,0.918337881565094,0,0.918337881565094,-2.242404849012289e-16,-0.3957972824573517,0,-131.1417694091797,2.729323623389731e-14,-86.00308990478516,1],[7,2.878895581127916e-16,1,1.014140239300059e-16,0,0.3957972824573517,-2.0707824743109707e-16,0.918337881565094,0,0.918337881565094,-2.242404849012289e-16,-0.3957972824573517,0,-175.83526611328125,3.183656341484119e-14,-90.17678833007812,1],[7,6.123234262925839e-17,1,-6.123234262925839e-17,0,0,6.123234262925839e-17,1,0,1,-6.123234262925839e-17,3.7493993930529855e-33,0,75.07079315185547,4.656315870393444e-15,-121.1122817993164,1],[7,6.123234262925839e-17,1,-6.123234262925839e-17,0,0,6.123234262925839e-17,1,0,1,-6.123234262925839e-17,3.7493993930529855e-33,0,3.552713678800501e-15,-1.0886389310632225e-14,-177.78822326660156,1],[7,6.123234262925839e-17,1,-6.123234262925839e-17,0,0,6.123234262925839e-17,1,0,1,-6.123234262925839e-17,3.7493993930529855e-33,0,3.552713678800501e-15,-1.4875197902326602e-14,-242.93040466308594,1],[7,0.7013869881629944,0.3985631763935089,0.5909345746040344,0,-0.6710376739501953,0.08967430144548416,0.7359802722930908,0,0.24034298956394196,-0.9127463698387146,0.33034729957580566,0,113.90657806396484,-61.60163116455078,-239.85499572753906,1],[7,-0.14545908570289612,0.7934973239898682,0.5909345746040344,0,-0.3055751323699951,-0.6041166186332703,0.7359802722930908,0,0.9409917593002319,-0.07351989299058914,0.33034729957580566,0,76.91696166992188,33.50119400024414,-239.85499572753906,1],[7,-0.14545908570289612,0.7934973239898682,0.5909345746040344,0,-0.3055751323699951,-0.6041166186332703,0.7359802722930908,0,0.9409917593002319,-0.07351989299058914,0.33034729957580566,0,19.964641571044922,33.50119400024414,-239.85499572753906,1],[7,6.123234262925839e-17,1,-6.123234262925839e-17,0,0,6.123234262925839e-17,1,0,1,-6.123234262925839e-17,3.7493993930529855e-33,0,3.552713678800501e-15,-1.9425445342449547e-14,-317.2415771484375,1],[7,2.4101515185843264e-16,1,-3.243682231263801e-16,0,0.3313532769680023,2.2618244028170737e-16,0.9435067772865295,0,0.9435067772865295,-3.34879902001806e-16,-0.3313532769680023,0,-97.00580596923828,-1.0113496818437914e-13,-415.450439453125,1],[7,0.7013869881629944,0.3985631763935089,0.5909345746040344,0,0.6710376739501953,-0.08967430144548416,-0.7359802722930908,0,-0.24034298956394196,0.9127463698387146,-0.33034729957580566,0,-113.9063949584961,61.601627349853516,239.85484313964844,1],[7,-0.14545908570289612,0.7934973239898682,0.5909345746040344,0,0.3055751323699951,0.6041166186332703,-0.7359802722930908,0,-0.9409917593002319,0.07351989299058914,-0.33034729957580566,0,-76.9169692993164,-33.5009651184082,239.8550567626953,1],[7,-0.14545908570289612,0.7934973239898682,0.5909345746040344,0,0.3055751323699951,0.6041166186332703,-0.7359802722930908,0,-0.9409917593002319,0.07351989299058914,-0.33034729957580566,0,-19.96473503112793,-33.500911712646484,239.85536193847656,1],[7,0.08158351480960846,-0.024026596918702126,0.9963768720626831,0,-0.9966601133346558,-0.005546005442738533,0.0814729705452919,0,0.0035683929454535246,-0.9996959567070007,-0.024398814886808395,0,136.3737335205078,-1.5777112245559692,-63.49547576904297,1],[7,0.07834482192993164,-0.03309435397386551,0.9963768720626831,0,-0.9908995032310486,0.10714637488126755,0.0814729705452919,0,-0.10945446789264679,-0.9936923384666443,-0.024398814886808395,0,97.1568374633789,-11.693329811096191,-63.49547576904297,1],[7,1,0,0,0,0,1,0,0,0,0,1,0,0,0,0,1],[7,0.08158351480960846,-0.024026596918702126,0.9963768720626831,0,0.9966601133346558,0.005546005442738533,-0.0814729705452919,0,-0.0035683929454535246,0.9996959567070007,0.024398814886808395,0,-136.37405395507812,1.5777077674865723,63.49553298950195,1],[7,0.07834482192993164,-0.03309435397386551,0.9963768720626831,0,0.9908995032310486,-0.10714637488126755,-0.0814729705452919,0,0.10945446789264679,0.9936923384666443,0.024398814886808395,0,-97.15711212158203,11.693363189697266,63.4954948425293,1],[7,1,0,0,0,0,1,0,0,0,0,1,0,0,0,0,1],[7,-0.1379171460866928,0.9464163780212402,-0.29201871156692505,0,-0.38765203952789307,-0.3228955566883087,-0.863402783870697,0,-0.9114300608634949,-0.005876398645341396,0.4114130735397339,0,70.37580871582031,31.77313804626465,14.95173454284668,1],[7,0.08341503143310547,0.9480016231536865,-0.30713987350463867,0,0.39221346378326416,-0.3145701289176941,-0.8644155263900757,0,-0.916084349155426,-0.04835914447903633,-0.3980588912963867,0,-49.357601165771484,28.742116928100586,22.33609962463379,1],[7,0.06118108704686165,0.9942753314971924,-0.08759786933660507,0,0.8124908208847046,0.0013658804818987846,0.5829723477363586,0,0.5797547101974487,-0.10683935135602951,-0.8077560663223267,0,-223.05943298339844,108.160400390625,-43.059078216552734,1]],8,8,8,8,8,8,8,8,8,8,8,8,8,8,8,8,8,8,8,8,8,8,8,8,8,8,8]]],0,0,[],[],[]],[[[10,"Material",[{"rasterizerState":{"cullMode":0},"blendState":{"targets":[{}]},"depthStencilState":{}}],[{"USE_TEXTURE":true}],[[[{"metallic":0,"roughness":1,"occlusion":0},"mainColor",8,[2,1,1,1,1],"emissive",8,[4,4278190080],"mainTexture",6,0]],11]]],0,0,[0,0],[2,3],[1,2]],[[[11],[12,"scene",[-3],[[17,-2,[8,"40XQBTUCxT8Jp1/o9Lgh0Y"],[3],4]],[0,"bf4CEPZVpZAbOIxEUDmEgQ",null,null,null,-1,0]],[14,"horse_03",[[[4,"horse_leg_L_front_00",-4,[0,"89K65njgFY9awyuOlfQqLQ",null,null,null,1,0],[1,41.43938064575195,15.998368263244629,-44.604835510253906]],[1,"horse_leg_L_back_01",-5,[0,"51cifcgZJaDqJsIPU5ASth",null,null,null,1,0],[1,-51.67333984375,16.2701358795166,-47.34711456298828],[3,0.015865642698594903,-0.3266330982361652,0.07187281603874887,0.9422809553594216],[1,4.442594522479947,-38.515898640479996,7.185623069382966]],-6,[1,"horse_tail_06",-7,[0,"2fDHo6fTFTqJ123ifF/jnB",null,null,null,1,0],[1,-91.80940246582031,-2.7755575615628914e-17,26.057376861572266],[3,1.5654792153463988e-20,0.08897828143704713,4.34009422003937e-19,0.996033566418577],[1,-2.638437877658969e-18,10.20966221116455,4.9696169185769776e-17]],-8,[1,"horse_leg_R_front_023",-9,[0,"bd2tBZT4ZdFYprYQ2/rJja",null,null,null,1,0],[1,41.439388275146484,-15.99839973449707,-44.604801177978516],[3,6.123234262925839e-17,1,6.123234262925839e-17,7.632783294297951e-17],[1,-7.0167096047110005e-15,180,7.0167096047110005e-15]],[1,"horse_leg_R_back_024",-10,[0,"cesM+WqOJRTLGIYfuRw9d9",null,null,null,1,0],[1,-51.67331314086914,-16.270099639892578,-47.347103118896484],[3,-0.08139052307694448,0.9405300693086047,0.02400670592480402,0.3289414074729004],[1,-5.718860094428666,141.05159252564198,-7.892036202210283]]],4,4,1,4,1,4,4],[0,"19DTeRvF9cWZLMWuFsqSNU",null,null,null,1,0],[1,-0.025526011362671852,-11.893184661865234,95.25074768066406],[3,-0.026019101373930622,-0.025195981737296962,-0.7048846323795313,0.7083966571795496],[1,-86.1105086404675,-86.04376852831953,-85.83946046718258]],[15,"(__autogen 0)",[[-11,-12,[6,"(__autogen 2)",-13,[0,"f7pyXGJ61WUrHVoLsl1d8D",null,null,null,1,0],[3,-0.7071067811865475,9.813077866773593e-18,-2.943923360032078e-17,0.7071067811865476],[1,-89.99999999999999,-1.590277340731758e-15,-3.1805546814635168e-15]],[6,"knight_full",-14,[0,"72vpionSFaC4FNyK/QVpvp",null,null,null,1,0],[3,-0.7071067811865476,0,0,0.7071067811865476],[1,-90.00000000000003,0,0]]],1,1,4,4],[0,"94Zu3Z2Dhd07Rkrv53ItkL",null,null,null,1,0]],[2,"body_07",2,[-15,-16,-17],[0,"22hEUyUrNaQbxYkOQaokwt",null,null,null,1,0],[1,-15.75064468383789,-0.01833431050181389,96.34754943847656],[3,0.04250494307951629,0.054575732777653437,0.006480860397670743,0.9975834890644968],[1,4.824851044675614,6.220410076523291,1.0067315128604857]],[2,"chest_08",4,[-18,-19,-20],[0,"94wRy7z31Q1KyjirxVX+Ka",null,null,null,1,0],[1,0,0,65.14217376708984],[3,0.018256440246420404,0.013510283634940957,0.0009675869097438374,0.9997415858116557],[1,2.090465286386153,1.5459322965623676,0.1391127489349052]],[16,"bones_04",[[2,[1,"joint1_025",-21,[0,"a6jMbAyTtV5K2hgCUynDH9",null,null,null,1,0],[1,-181.37918090820312,22.29253578186035,186.65782165527344],[3,-0.3627675500347932,0.1929809614295989,-0.5724924844849645,0.7095142059012591],[1,-74.53234389495867,-27.65898449146253,-72.25033125359843]]],1,4],[0,"ddFGB/CGpeKqVTRXCvIXBm",null,null,null,1,0],[3,-0.7071067811865476,0,0,0.7071067811865476],[1,-90.00000000000003,0,0]],[7,"RootNode (gltf orientation matrix)",1,[-22],[0,"01lzikVOFbIIrD5DWa2wVC",null,null,null,1,0],[3,-0.7071067811865475,0,0,0.7071067811865476],[1,-89.99999999999999,0,0]],[5,"RootNode (model correction matrix)",7,[-23],[0,"52w0XQXZ5YHZlDZVZWC4e3",null,null,null,1,0]],[7,"c2475420cd6847fe9bd9c7a79c391504.fbx",8,[-24],[0,"e20YJujGZQ656k3Cvv5tRC",null,null,null,1,0],[3,0.7071067811865475,0,0,0.7071067811865476],[1,89.99999999999999,0,0]],[5,"(__autogen 0)",9,[-25],[0,"27WR1g23NXDIp26k5Pgz7e",null,null,null,1,0]],[5,"RootNode",10,[3],[0,"dcCqzn9a5ew4r98WMRnsOf",null,null,null,1,0]],[5,"_rootJoint",3,[6],[0,"88/MI1kLhfL5I8oSqnAm2b",null,null,null,1,0]],[3,"horse_neck_02",2,[[4,"horse_head_05",-26,[0,"8duWFwWI9XnZOy3Wg0skg4",null,null,null,1,0],[1,44.69350051879883,-1.7763568394002505e-15,4.173702716827393]]],[0,"98O3regjFbYIwLjRdJI15W",null,null,null,1,0],[1,69.654052734375,5.551115123125783e-17,35.83054733276367],[3,0.023357117028427177,-0.2608059288594977,0.060976325107677594,0.9631804609377298],[1,4.42932901359328,-30.535913934987157,6.043244670499809]],[2,"arm_L_1_09",5,[-27],[0,"0bkpFBtoxWdqeeMMTZmRPZ",null,null,null,1,0],[1,-4.367867946624756,86.39816284179688,15.557828903198242],[3,-0.33418962905670274,0.2050369266406823,0.6241278154345374,0.6758266201812405],[1,-90.19727245456373,78.84964337113507,44.95587057619463]],[3,"arm_L_2_010",14,[[1,"arm_L_3_011",-28,[0,"c1jZSEPgJRBYBqj2T0RiOX",null,null,null,1,0],[1,56.95232009887695,0,0],[3,-0.1330936857982965,0.3145368960102268,0.03977533011031999,0.9390263760744376],[1,-15.96140520001345,36.9651444597963,-0.5171347452620403]]],[0,"1b7UQQTQVcqpo/Gf7+0QpE",null,null,null,1,0],[1,56.95232009887695,1.4210854715202004e-14,0],[3,-1.126032737388485e-16,1.0400406309918446e-16,-0.7422215774781351,0.6701545567448367],[1,180,-180,-84.15798937188097]],[3,"head_012",5,[[1,"head_up_013",-29,[0,"b1vvdU4CZSuaE4Zxrt8F3p",null,null,null,1,0],[1,-46.13523483276367,0,106.88189697265625],[3,-0.08677973396720637,-0.21211417685892503,-0.007686755712806901,0.9733538757998825],[1,-9.917899338503695,-24.47885228186628,1.2520443258154863]]],[0,"79ZwA6gM1VkZCRed/xKqOY",null,null,null,1,0],[1,0,3.552713678800501e-15,74.31118774414062],[3,-0.002974923029671843,-0.008767294780186334,0.008455553171843893,0.9999213909081868],[1,-0.3324290204955325,-1.0018916812700294,0.9718942407759841]],[2,"arm_R_1_014",5,[-30],[0,"adHKnYV3haPKVtOcnfofuL",null,null,null,1,0],[1,-4.367869853973389,-86.39820098876953,15.557594299316406],[3,0.9056615311970405,0.3279395892333824,0.23788447733445148,-0.1250751460786173],[1,-153.08549859192374,-37.36451015789243,32.309851011646025]],[3,"arm_R_2_015",17,[[1,"arm_R_3_016",-31,[0,"1ci3KYSmNdwKzg9RHlnG+z",null,null,null,1,0],[1,-56.95223617553711,-0.000054925076256040484,-0.00029895539046265185],[3,0.1996541432675665,0.4577637824603123,0.17951339145069345,0.8475644428794732],[1,11.498085033211503,53.74737492258538,29.149311256082296]]],[0,"28TVjfpPtVVqeyA69FYXh/",null,null,null,1,0],[1,-56.95234680175781,-0.0000875578261911869,-0.0002197673311457038],[3,8.791292716311379e-7,-3.482510568686163e-7,-0.7055299742918865,0.7086800797079],[1,0.009705619503069252,0.009606166508117759,-89.74475156796926]],[2,"leg_L_1_017",4,[-32],[0,"fc+bXSk0FYBoymKQlcK3qh",null,null,null,1,0],[1,-3.6130809783935547,52.10166931152344,-36.70555877685547],[3,-0.5720439534726961,0.28909969236167615,0.31099542874665276,0.7017613030585241],[1,-81.20193309601348,49.98330247493153,6.06943706721442]],[3,"leg_L_2_018",19,[[4,"leg_L_3_019",-33,[0,"e2xYuwpXhWUo/zrX2iug+y",null,null,null,1,0],[1,38.46443557739258,-5.684341886080802e-14,-2.842170943040401e-14]]],[0,"9bclhWx1BXias4QBnQkXXN",null,null,null,1,0],[1,38.5178108215332,-0.9413840770721436,-1.4210854715202004e-14],[3,1.6814806416850238e-17,-3.3951171019158044e-17,0.1805565920315142,0.9835645973061279],[1,2.778807202156887e-15,-4.465644237514454e-15,20.804362773962698]],[2,"leg_R_1_020",4,[-34],[0,"da6ZV7T3BdSq/fvUtgO98G",null,null,null,1,0],[1,-3.6130800247192383,-52.10169982910156,-36.705230712890625],[3,0.45602902900975334,0.5254243031328717,0.5672618763044465,-0.4406594944731324],[1,-93.41167612026486,-101.28886113277201,-1.1873219244724713]],[3,"leg_R_2_021",21,[[4,"leg_R_3_022",-35,[0,"7dXRzoxeJaIJRXiP6SqlaS",null,null,null,1,0],[1,-38.464744567871094,0.00003783630018006079,0.00001482806237618206]]],[0,"e0DFnc/4Vb5rdj5p7PBKFB",null,null,null,1,0],[1,-38.51786422729492,0.9413783550262451,0.000040950948459794745],[3,0.000001751946085938549,-0.000002129625691639891,0.5735651158556051,0.8191599708640199],[1,0.000890009499303724,-0.0009210844725647001,69.99841637616764]],[13,"(__autogen 1)",3,[[18,-36,[8,"dcup6zwiBYeIswlLnw6+Sl"],[0],[19],1,1,2]],[0,"79oTW+SoxagbAOT+SqHHzn",null,null,null,1,0]]],0,[0,4,1,0,1,1,0,-1,7,0,0,2,0,0,2,0,-3,13,0,0,2,0,-5,4,0,0,2,0,0,2,0,-1,12,0,-2,23,0,0,3,0,0,3,0,-1,5,0,-2,19,0,-3,21,0,-1,14,0,-2,16,0,-3,17,0,0,6,0,-1,8,0,-1,9,0,-1,10,0,-1,11,0,0,13,0,-1,15,0,0,15,0,0,16,0,-1,18,0,0,18,0,-1,20,0,0,20,0,-1,22,0,0,22,0,1,23,0,5,1,2,0,6,3,0,11,6,0,12,36],[0,0,0,0,0],[-1,6,7,-1,8],[3,4,5,0,0]],[[[20,".bin",2929652565,[{"primitives":[{"primitiveMode":7,"jointMapIndex":0,"vertexBundelIndices":[0],"indexView":{"offset":104760,"length":24696,"count":6174,"stride":4}}],"vertexBundles":[{"view":{"offset":0,"length":104760,"count":1455,"stride":72},"attributes":[{"name":"a_position","format":32,"isNormalized":false},{"name":"a_normal","format":32,"isNormalized":false},{"name":"a_texCoord","format":21,"isNormalized":false},{"name":"a_tangent","format":44,"isNormalized":false},{"name":"a_joints","format":42,"isNormalized":false},{"name":"a_weights","format":44,"isNormalized":false}]}],"jointMaps":[[0,2,3,4,5,6,7,8,9,10,11,12,13,14,15,16,17,18,19,21,22,24,25,26]]},"minPosition",8,[1,-162.89157104492188,-4.556846618652344,-194.87783813476562],"maxPosition",8,[1,162.8917236328125,612.1434936523438,416.308837890625]]],-1],0,0,[],[],[]]]]
